line	location	year	CT	WU	SCP	SW	Pro
2	Arusha	2016	34.3	108.8	8.8	40.9	23.8
3	Arusha	2016	64.3	94.4	10.7	35.3	22.3
4	Arusha	2016	46.2	NA	9.1	40.2	24.4
5	Arusha	2016	39.5	109.7	8.6	42.4	21.1
6	Arusha	2016	42.6	104.2	NA	43.4	NA
7	Arusha	2016	37.4	106.0	NA	36.1	22.8
8	Arusha	2016	NA	108.9	NA	36.8	23.4
9	Arusha	2016	48.5	119.1	NA	37.1	21.9
10	Arusha	2016	36.9	105.6	10.1	40.3	21.6
11	Arusha	2016	47.9	95.4	NA	37.3	24.2
12	Arusha	2016	41.3	102.2	NA	39.3	21.4
13	Arusha	2016	38.1	99.7	NA	28.2	22.4
14	Arusha	2016	42.0	101.8	NA	37.2	22.2
15	Arusha	2016	35.0	101.1	NA	44.5	22.4
16	Arusha	2016	NA	NA	NA	NA	NA
17	Arusha	2016	36.0	76.9	NA	50.1	23.8
18	Arusha	2016	34.7	105.1	8.2	42.5	22.9
19	Arusha	2016	41.4	101.8	9.2	39.3	24.4
20	Arusha	2016	45.4	107.8	NA	38.2	22.3
21	Arusha	2016	45.0	107.0	NA	35.3	21.4
22	Arusha	2016	45.0	104.7	8.3	42.5	24.6
23	Arusha	2016	55.9	78.3	8.5	47.4	24.1
24	Arusha	2016	42.2	106.8	NA	36.3	21.2
25	Arusha	2016	33.0	108.6	NA	34.1	21.7
26	Arusha	2016	NA	NA	NA	NA	NA
27	Arusha	2016	44.4	112.1	10.3	42.1	23.0
28	Arusha	2016	58.7	110.9	NA	35.6	20.5
29	Arusha	2016	51.0	99.4	NA	37.2	21.1
30	Arusha	2016	NA	NA	NA	NA	NA
31	Arusha	2016	54.5	103.4	8.4	38.6	21.0
32	Arusha	2016	45.5	102.0	10.5	34.7	22.9
33	Arusha	2016	51.1	105.7	NA	43.1	22.6
34	Arusha	2016	36.0	105.3	NA	39.0	22.5
35	Arusha	2016	30.1	101.2	10.1	34.9	21.4
36	Arusha	2016	45.9	99.5	NA	35.1	23.2
37	Arusha	2016	33.4	91.0	9.1	44.5	22.8
38	Arusha	2016	36.2	104.3	9.8	42.4	25.3
39	Arusha	2016	42.8	109.0	11.4	35.3	23.5
40	Arusha	2016	43.0	107.7	9.4	47.7	21.9
41	Arusha	2016	42.5	83.5	NA	40.7	22.2
42	Arusha	2016	56.5	87.0	9.5	41.1	20.9
43	Arusha	2016	55.8	109.8	NA	35.7	21.3
44	Arusha	2016	43.1	106.7	NA	34.8	23.6
45	Arusha	2016	50.1	90.2	10.5	39.8	21.8
46	Arusha	2016	40.3	107.9	9.2	36.3	22.2
47	Arusha	2016	44.7	106.5	9.4	37.6	20.7
48	Arusha	2016	39.0	124.4	8.3	39.4	22.9
49	Arusha	2016	44.3	104.6	NA	35.5	23.9
50	Arusha	2016	56.4	102.5	10.2	37.5	20.8
51	Arusha	2016	47.8	83.6	9.2	39.6	NA
52	Arusha	2016	49.3	102.6	NA	37.2	NA
53	Arusha	2016	52.2	115.5	8.7	37.2	21.8
54	Arusha	2016	47.8	104.7	9.2	47.8	22.6
55	Arusha	2016	59.0	85.8	NA	43.3	22.9
56	Arusha	2016	36.1	105.5	8.6	43.2	NA
57	Arusha	2016	33.4	91.6	8.3	47.7	20.9
58	Arusha	2016	50.2	102.3	10.9	35.1	22.2
59	Arusha	2016	51.5	NA	9.9	38.3	20.6
61	Arusha	2016	41.1	103.1	8.8	37.6	22.6
62	Arusha	2016	43.3	105.7	8.4	38.5	22.6
63	Arusha	2016	50.3	103.4	NA	36.1	22.7
64	Arusha	2016	NA	NA	NA	NA	NA
65	Arusha	2016	38.4	119.6	8.3	43.0	23.1
66	Arusha	2016	34.9	103.8	NA	45.8	24.6
67	Arusha	2016	43.2	105.9	9.9	36.8	21.3
68	Arusha	2016	59.6	82.6	9.2	42.3	22.6
69	Arusha	2016	39.5	86.0	NA	46.7	23.5
70	Arusha	2016	NA	NA	NA	NA	NA
71	Arusha	2016	44.4	101.7	10.5	36.3	21.8
72	Arusha	2016	37.9	102.4	NA	41.6	23.6
73	Arusha	2016	50.6	98.5	9.9	38.2	21.8
74	Arusha	2016	54.3	NA	9.6	35.9	22.0
75	Arusha	2016	51.4	83.4	NA	37.3	20.1
76	Arusha	2016	46.0	86.5	10.2	41.6	21.8
77	Arusha	2016	35.2	103.3	NA	45.4	24.3
78	Arusha	2016	38.7	100.6	9.1	41.0	23.8
79	Arusha	2016	NA	106.6	NA	44.1	21.9
80	Arusha	2016	NA	NA	NA	NA	NA
81	Arusha	2016	35.2	103.1	9.5	38.7	21.6
82	Arusha	2016	39.8	99.0	NA	38.2	22.6
83	Arusha	2016	62.1	NA	9.1	48.1	26.1
84	Arusha	2016	49.3	80.8	NA	42.5	23.9
85	Arusha	2016	61.0	87.0	NA	41.4	24.3
86	Arusha	2016	50.3	99.3	NA	42.1	24.4
87	Arusha	2016	49.0	104.6	NA	36.4	22.2
88	Arusha	2016	39.0	110.1	NA	39.6	22.8
89	Arusha	2016	28.3	111.9	NA	44.4	23.7
90	Arusha	2016	49.4	105.1	9.9	35.7	23.1
91	Arusha	2016	NA	NA	NA	NA	NA
92	Arusha	2016	48.4	100.7	9.3	33.5	20.6
93	Arusha	2016	39.3	87.3	NA	47.2	20.5
94	Arusha	2016	34.3	107.8	NA	44.7	22.9
95	Arusha	2016	NA	NA	NA	NA	NA
96	Arusha	2016	34.9	109.1	NA	39.5	20.8
97	Arusha	2016	43.5	121.4	9.7	35.8	24.1
98	Arusha	2016	54.5	100.7	NA	35.6	23.5
99	Arusha	2016	NA	NA	8.9	39.3	22.0
100	Arusha	2016	43.9	93.3	NA	36.1	24.8
101	Arusha	2016	33.8	88.6	NA	44.0	23.2
102	Arusha	2016	52.5	103.7	8.9	41.7	NA
103	Arusha	2016	43.5	94.6	10.0	39.9	23.0
104	Arusha	2016	46.2	102.6	NA	37.9	21.8
105	Arusha	2016	31.8	95.1	8.6	49.2	23.3
106	Arusha	2016	44.6	82.3	9.3	49.6	21.6
107	Arusha	2016	37.4	94.3	9.2	46.6	22.1
108	Arusha	2016	43.2	104.5	9.8	38.4	22.5
109	Arusha	2016	50.9	104.9	10.3	36.6	21.0
110	Arusha	2016	33.4	107.6	NA	44.2	24.3
111	Arusha	2016	54.8	94.9	NA	44.8	20.1
112	Arusha	2016	46.3	106.2	NA	43.0	24.0
113	Arusha	2016	44.9	108.7	8.7	41.1	24.4
114	Arusha	2016	36.8	106.4	NA	39.9	NA
115	Arusha	2016	44.8	102.1	10.7	36.6	21.6
116	Arusha	2016	42.4	98.6	9.8	38.1	21.2
117	Arusha	2016	39.7	87.6	8.8	45.0	NA
118	Arusha	2016	33.1	88.7	9.0	42.9	NA
119	Arusha	2016	32.8	104.8	11.2	35.1	23.8
120	Arusha	2016	35.6	108.9	9.1	38.6	23.7
121	Arusha	2016	45.9	83.8	10.1	42.8	23.3
122	Arusha	2016	37.8	99.2	NA	40.4	23.3
123	Arusha	2016	29.5	87.8	9.2	46.4	21.0
124	Arusha	2016	38.6	88.4	8.4	41.4	NA
125	Arusha	2016	37.7	104.8	8.7	41.3	20.9
126	Arusha	2016	42.5	104.7	8.5	43.4	21.7
128	Arusha	2016	36.3	108.0	9.7	35.3	26.5
129	Arusha	2016	49.5	105.0	NA	37.5	21.7
130	Arusha	2016	31.2	98.9	8.4	47.6	24.0
131	Arusha	2016	35.9	92.3	9.0	46.1	23.2
132	Arusha	2016	43.1	103.5	8.7	42.0	21.1
133	Arusha	2016	31.8	97.4	8.6	48.4	21.8
134	Arusha	2016	39.3	86.2	8.7	43.2	23.1
135	Arusha	2016	45.4	109.4	9.4	39.3	23.0
136	Arusha	2016	45.5	103.1	8.6	35.0	20.8
137	Arusha	2016	50.5	104.6	NA	33.2	22.7
138	Arusha	2016	30.7	100.3	NA	42.9	22.8
139	Arusha	2016	NA	NA	NA	NA	NA
140	Arusha	2016	37.0	110.2	NA	39.5	21.4
143	Arusha	2016	43.2	104.0	NA	37.2	21.1
144	Arusha	2016	NA	76.3	8.5	40.7	23.3
157	Arusha	2016	45.0	92.7	8.3	41.4	22.8
158	Arusha	2016	30.6	104.0	9.1	47.4	22.5
159	Arusha	2016	55.6	84.9	8.5	44.6	21.9
160	Arusha	2016	45.0	103.6	8.4	43.1	20.5
161	Arusha	2016	36.0	116.8	8.5	49.1	23.2
162	Arusha	2016	26.1	110.7	8.5	49.7	23.1
163	Arusha	2016	NA	NA	NA	38.4	21.3
2	Morogoro	2016	62.9	113.9	9.2	39.3	25.1
3	Morogoro	2016	71.9	97.7	10.3	37.5	22.9
4	Morogoro	2016	NA	NA	NA	NA	NA
5	Morogoro	2016	70.6	117.8	9.7	37.1	26.8
6	Morogoro	2016	NA	NA	NA	NA	NA
7	Morogoro	2016	NA	NA	NA	NA	NA
8	Morogoro	2016	NA	NA	NA	NA	NA
9	Morogoro	2016	59.3	111.1	8.9	38.8	24.2
10	Morogoro	2016	66.4	103.8	NA	39.8	25.6
11	Morogoro	2016	67.6	98.4	9.8	41.5	25.8
12	Morogoro	2016	44.6	91.8	NA	47.9	24.4
13	Morogoro	2016	NA	NA	NA	NA	NA
14	Morogoro	2016	NA	NA	NA	NA	NA
15	Morogoro	2016	73.3	114.4	NA	40.6	26.5
16	Morogoro	2016	42.7	110.2	9.0	48.2	25.3
17	Morogoro	2016	NA	NA	NA	NA	NA
18	Morogoro	2016	NA	NA	NA	NA	NA
19	Morogoro	2016	NA	NA	NA	NA	NA
20	Morogoro	2016	NA	NA	NA	NA	NA
21	Morogoro	2016	NA	96.5	10.8	37.3	23.3
22	Morogoro	2016	69.1	88.9	9.8	39.8	24.8
23	Morogoro	2016	NA	NA	NA	NA	NA
24	Morogoro	2016	NA	NA	NA	NA	NA
25	Morogoro	2016	NA	NA	NA	NA	NA
26	Morogoro	2016	NA	NA	NA	NA	NA
27	Morogoro	2016	50.1	109.4	NA	44.6	25.2
28	Morogoro	2016	NA	98.6	NA	32.9	23.4
29	Morogoro	2016	NA	NA	NA	NA	NA
30	Morogoro	2016	NA	NA	NA	NA	NA
31	Morogoro	2016	57.2	87.5	NA	45.9	22.1
32	Morogoro	2016	NA	101.6	NA	32.8	21.1
33	Morogoro	2016	49.1	104.0	10.1	44.5	25.6
34	Morogoro	2016	36.7	112.2	9.1	40.3	25.3
35	Morogoro	2016	43.1	97.7	9.5	44.3	22.5
36	Morogoro	2016	59.1	104.1	10.5	35.9	21.4
37	Morogoro	2016	44.9	102.6	9.5	47.5	27.0
38	Morogoro	2016	NA	NA	NA	NA	NA
39	Morogoro	2016	75.9	107.8	11.4	39.4	25.0
40	Morogoro	2016	NA	NA	NA	NA	NA
41	Morogoro	2016	NA	104.8	10.1	34.2	24.1
42	Morogoro	2016	54.1	108.1	NA	40.1	24.3
43	Morogoro	2016	NA	104.2	9.9	35.3	23.3
44	Morogoro	2016	59.9	106.6	10.3	31.5	22.9
45	Morogoro	2016	86.9	106.7	10.1	36.5	23.4
46	Morogoro	2016	55.1	107.4	NA	41.9	26.1
47	Morogoro	2016	NA	NA	NA	NA	NA
48	Morogoro	2016	66.1	108.9	8.3	44.0	23.3
49	Morogoro	2016	NA	NA	NA	NA	NA
50	Morogoro	2016	NA	NA	NA	NA	NA
51	Morogoro	2016	70.7	88.8	9.3	43.0	24.1
52	Morogoro	2016	50.4	120.5	NA	42.8	21.4
53	Morogoro	2016	75.4	112.4	NA	38.1	24.6
54	Morogoro	2016	NA	NA	NA	NA	NA
55	Morogoro	2016	NA	NA	NA	NA	NA
56	Morogoro	2016	36.1	110.0	NA	46.3	24.4
57	Morogoro	2016	41.7	97.0	7.9	47.4	26.6
58	Morogoro	2016	NA	NA	NA	NA	NA
59	Morogoro	2016	NA	NA	NA	NA	NA
61	Morogoro	2016	70.6	107.5	8.8	34.7	23.5
62	Morogoro	2016	51.9	101.3	8.7	42.5	21.8
63	Morogoro	2016	72.4	103.8	9.3	37.1	25.4
64	Morogoro	2016	NA	NA	NA	NA	NA
65	Morogoro	2016	52.5	109.2	NA	43.9	23.7
66	Morogoro	2016	NA	NA	NA	NA	NA
67	Morogoro	2016	97.7	104.4	10.6	35.0	22.7
68	Morogoro	2016	81.1	89.7	8.7	40.3	21.3
69	Morogoro	2016	NA	NA	NA	NA	NA
70	Morogoro	2016	52.6	107.6	NA	43.9	23.9
71	Morogoro	2016	NA	NA	NA	NA	NA
72	Morogoro	2016	NA	NA	NA	NA	NA
73	Morogoro	2016	52.0	85.2	9.9	37.2	25.0
74	Morogoro	2016	63.6	103.7	8.9	32.6	23.1
75	Morogoro	2016	NA	NA	NA	NA	NA
76	Morogoro	2016	64.5	101.2	10.2	39.8	NA
77	Morogoro	2016	50.2	102.0	9.2	41.3	24.4
78	Morogoro	2016	76.3	98.9	NA	33.8	25.9
79	Morogoro	2016	NA	NA	NA	NA	NA
80	Morogoro	2016	51.7	108.1	10.1	46.2	24.9
81	Morogoro	2016	54.8	119.9	9.1	36.6	26.2
82	Morogoro	2016	58.6	90.1	NA	38.4	23.2
83	Morogoro	2016	NA	NA	NA	NA	NA
84	Morogoro	2016	41.5	91.0	NA	48.5	23.8
85	Morogoro	2016	53.2	83.6	8.9	38.0	23.8
86	Morogoro	2016	43.8	98.8	NA	43.8	25.4
87	Morogoro	2016	NA	NA	NA	NA	NA
88	Morogoro	2016	NA	NA	NA	NA	NA
89	Morogoro	2016	38.3	111.0	NA	43.0	26.2
90	Morogoro	2016	NA	95.2	10.2	37.1	22.0
91	Morogoro	2016	NA	NA	NA	NA	NA
92	Morogoro	2016	47.4	108.3	NA	37.0	27.0
93	Morogoro	2016	NA	NA	NA	NA	NA
94	Morogoro	2016	NA	NA	NA	NA	NA
95	Morogoro	2016	50.3	87.3	9.5	47.3	24.7
96	Morogoro	2016	74.1	NA	NA	33.6	23.6
97	Morogoro	2016	61.6	106.7	NA	38.5	26.1
98	Morogoro	2016	87.0	96.7	NA	38.8	25.7
99	Morogoro	2016	73.5	NA	NA	39.0	24.2
100	Morogoro	2016	NA	NA	NA	NA	NA
101	Morogoro	2016	NA	NA	NA	NA	NA
102	Morogoro	2016	NA	NA	NA	NA	NA
103	Morogoro	2016	55.6	NA	8.9	45.9	25.5
104	Morogoro	2016	83.6	101.8	10.0	38.4	25.6
105	Morogoro	2016	37.0	108.0	8.3	47.8	24.6
106	Morogoro	2016	77.7	94.2	10.3	45.1	23.0
107	Morogoro	2016	72.9	107.5	9.0	43.2	24.7
108	Morogoro	2016	NA	NA	NA	NA	NA
109	Morogoro	2016	NA	NA	NA	NA	NA
110	Morogoro	2016	55.8	116.2	10.0	36.9	26.8
111	Morogoro	2016	54.7	91.9	8.4	42.1	23.5
112	Morogoro	2016	47.7	98.9	NA	46.4	27.4
113	Morogoro	2016	44.0	113.0	9.7	36.6	26.2
114	Morogoro	2016	43.5	95.3	8.7	39.9	22.3
115	Morogoro	2016	64.3	101.1	9.7	37.7	25.5
116	Morogoro	2016	91.7	106.2	9.6	34.8	25.1
117	Morogoro	2016	43.7	91.7	8.2	44.3	25.3
118	Morogoro	2016	46.0	101.1	8.2	46.2	23.9
119	Morogoro	2016	47.7	117.5	NA	37.7	23.8
120	Morogoro	2016	60.4	97.1	9.0	39.7	24.0
121	Morogoro	2016	NA	NA	NA	NA	NA
122	Morogoro	2016	33.1	96.5	8.4	38.0	23.3
123	Morogoro	2016	NA	NA	NA	NA	NA
124	Morogoro	2016	NA	NA	NA	NA	NA
125	Morogoro	2016	50.7	103.3	9.5	42.0	23.6
126	Morogoro	2016	79.8	107.2	8.8	37.5	23.8
128	Morogoro	2016	51.3	116.2	NA	28.1	30.2
129	Morogoro	2016	65.2	104.0	8.9	38.2	24.7
130	Morogoro	2016	46.7	108.0	8.3	43.1	26.6
131	Morogoro	2016	34.9	104.7	NA	46.2	24.1
132	Morogoro	2016	NA	NA	NA	NA	NA
133	Morogoro	2016	NA	NA	NA	NA	NA
134	Morogoro	2016	44.6	101.9	8.4	45.8	24.9
135	Morogoro	2016	45.2	99.8	NA	42.2	27.7
136	Morogoro	2016	NA	NA	NA	NA	NA
137	Morogoro	2016	89.2	108.9	NA	36.8	22.9
138	Morogoro	2016	NA	NA	NA	NA	NA
139	Morogoro	2016	56.9	86.5	9.2	47.4	22.1
140	Morogoro	2016	44.5	94.5	NA	48.2	23.3
143	Morogoro	2016	NA	NA	NA	NA	NA
144	Morogoro	2016	NA	NA	NA	NA	NA
157	Morogoro	2016	64.6	96.2	8.5	40.1	25.9
158	Morogoro	2016	52.7	82.7	NA	42.6	25.9
159	Morogoro	2016	62.9	96.6	9.0	38.2	22.6
160	Morogoro	2016	NA	NA	NA	NA	NA
161	Morogoro	2016	38.1	100.6	NA	53.1	23.3
162	Morogoro	2016	NA	NA	NA	NA	NA
163	Morogoro	2016	63.5	NA	8.4	42.8	23.0
2	Arusha	2017	29.3	104.0	8.6	48.6	22.9
3	Arusha	2017	35.0	102.5	9.6	44.7	21.7
4	Arusha	2017	28.6	95.4	8.3	51.4	23.7
5	Arusha	2017	30.9	109.0	8.6	53.6	26.2
6	Arusha	2017	34.7	79.3	8.9	55.3	23.4
7	Arusha	2017	34.4	93.3	8.8	50.3	22.8
8	Arusha	2017	30.3	103.1	8.4	54.5	23.4
9	Arusha	2017	29.3	103.3	8.6	47.8	24.0
10	Arusha	2017	29.9	101.5	8.9	49.1	24.3
11	Arusha	2017	40.9	80.1	8.5	47.6	25.9
12	Arusha	2017	29.0	106.5	8.5	49.9	25.0
13	Arusha	2017	31.1	105.9	8.6	53.7	26.1
14	Arusha	2017	36.3	100.0	8.9	48.7	22.8
15	Arusha	2017	26.2	110.0	8.0	59.6	26.2
16	Arusha	2017	29.4	93.9	8.3	53.7	26.2
17	Arusha	2017	23.9	103.1	7.2	60.7	25.5
18	Arusha	2017	28.7	103.3	7.5	60.0	23.7
19	Arusha	2017	28.8	104.1	9.6	46.1	28.8
20	Arusha	2017	30.1	97.6	7.9	49.8	23.8
21	Arusha	2017	30.1	103.9	8.9	51.6	24.2
22	Arusha	2017	27.5	105.9	7.7	53.6	24.8
23	Arusha	2017	27.7	99.0	7.8	59.3	27.3
24	Arusha	2017	36.6	103.5	9.2	44.1	22.6
25	Arusha	2017	24.5	102.3	8.4	51.7	26.8
26	Arusha	2017	31.3	106.4	8.6	52.5	24.5
27	Arusha	2017	34.1	109.7	8.8	47.3	25.3
28	Arusha	2017	39.1	102.8	9.2	44.2	22.3
29	Arusha	2017	38.9	101.9	9.4	44.1	21.3
30	Arusha	2017	29.8	98.5	8.6	52.0	23.2
31	Arusha	2017	37.4	76.6	8.3	50.4	23.0
32	Arusha	2017	39.6	99.1	9.4	45.8	23.1
33	Arusha	2017	32.3	100.4	8.2	52.3	24.8
34	Arusha	2017	28.7	104.5	8.3	50.1	24.7
35	Arusha	2017	23.5	99.5	9.1	50.9	23.8
36	Arusha	2017	39.8	96.9	9.2	46.6	22.2
37	Arusha	2017	26.1	99.0	7.9	56.6	25.8
38	Arusha	2017	34.7	102.3	9.6	51.2	26.9
39	Arusha	2017	36.4	100.4	9.2	45.3	23.6
40	Arusha	2017	32.8	95.1	7.8	53.9	24.2
41	Arusha	2017	37.4	102.3	9.6	44.1	22.1
42	Arusha	2017	31.1	104.0	8.2	47.2	23.6
43	Arusha	2017	32.9	101.9	9.1	46.3	22.7
44	Arusha	2017	39.1	104.5	9.7	38.8	22.4
45	Arusha	2017	36.8	99.6	9.4	48.3	22.7
46	Arusha	2017	36.2	104.1	9.0	44.0	25.6
47	Arusha	2017	37.5	99.7	9.4	45.0	22.5
48	Arusha	2017	32.1	101.2	7.9	54.3	23.5
49	Arusha	2017	34.3	101.3	8.5	49.7	23.5
50	Arusha	2017	37.2	98.6	9.2	46.4	22.9
51	Arusha	2017	42.4	NA	8.6	54.8	24.2
52	Arusha	2017	40.8	99.6	9.6	45.7	22.4
53	Arusha	2017	41.0	105.6	8.4	46.4	23.1
54	Arusha	2017	35.9	98.8	8.1	52.7	23.6
55	Arusha	2017	37.3	79.9	8.2	54.7	27.4
56	Arusha	2017	25.5	96.0	7.8	56.0	24.6
57	Arusha	2017	24.3	99.9	7.7	59.7	25.4
58	Arusha	2017	39.1	100.0	9.4	44.3	21.7
59	Arusha	2017	34.7	NA	9.0	52.8	24.7
61	Arusha	2017	35.4	NA	8.8	49.4	22.2
62	Arusha	2017	35.0	94.5	8.2	51.4	22.1
63	Arusha	2017	26.6	97.2	9.0	49.7	22.9
64	Arusha	2017	31.3	107.0	7.7	52.0	25.2
65	Arusha	2017	28.4	106.4	7.6	55.4	26.3
66	Arusha	2017	28.9	102.1	7.7	52.1	25.8
67	Arusha	2017	38.0	101.4	9.3	42.8	22.1
68	Arusha	2017	31.3	82.1	7.9	57.3	22.8
69	Arusha	2017	31.6	83.6	7.6	60.1	25.4
70	Arusha	2017	33.9	97.6	8.4	54.8	23.7
71	Arusha	2017	38.6	99.0	9.5	43.1	21.4
72	Arusha	2017	30.7	98.5	8.2	54.6	24.0
73	Arusha	2017	34.9	93.2	8.7	47.5	22.9
74	Arusha	2017	32.2	79.3	8.4	52.4	22.5
75	Arusha	2017	44.3	99.6	9.8	44.8	22.1
76	Arusha	2017	41.9	99.3	9.2	46.9	22.6
77	Arusha	2017	26.2	106.2	8.4	55.8	27.1
78	Arusha	2017	39.9	101.8	8.8	47.7	25.1
79	Arusha	2017	33.9	100.1	8.7	57.1	24.0
80	Arusha	2017	37.2	108.4	8.8	48.1	23.8
81	Arusha	2017	33.8	102.2	8.8	45.7	23.6
82	Arusha	2017	32.7	101.4	8.2	48.8	22.5
83	Arusha	2017	36.2	81.3	8.9	65.5	25.8
84	Arusha	2017	42.4	NA	8.3	54.5	24.8
85	Arusha	2017	28.5	97.9	7.7	56.8	22.3
86	Arusha	2017	34.2	97.8	8.5	56.4	24.8
87	Arusha	2017	37.1	99.1	9.4	46.7	22.2
88	Arusha	2017	30.7	104.0	8.8	52.2	25.0
89	Arusha	2017	26.9	103.9	8.9	57.9	25.4
90	Arusha	2017	40.0	101.7	9.6	44.3	21.4
91	Arusha	2017	32.9	100.8	8.5	53.3	24.8
92	Arusha	2017	39.0	95.0	8.6	46.8	21.8
93	Arusha	2017	26.2	104.2	7.5	61.5	26.3
94	Arusha	2017	29.0	99.0	8.2	55.7	25.1
95	Arusha	2017	27.1	98.5	8.4	52.9	24.7
96	Arusha	2017	34.2	100.6	8.7	50.7	24.1
97	Arusha	2017	29.3	98.0	8.9	54.0	25.0
98	Arusha	2017	40.7	95.0	9.1	46.4	22.3
99	Arusha	2017	NA	NA	8.8	55.0	23.5
100	Arusha	2017	34.8	91.6	10.0	42.5	29.7
101	Arusha	2017	28.5	98.9	9.0	54.4	25.6
102	Arusha	2017	31.8	95.4	8.2	59.3	24.3
103	Arusha	2017	NA	NA	9.4	53.1	24.7
104	Arusha	2017	39.2	95.2	9.3	45.5	22.0
105	Arusha	2017	24.3	95.3	8.6	60.4	26.6
106	Arusha	2017	31.0	87.9	10.0	54.3	24.7
107	Arusha	2017	28.4	97.3	8.8	55.4	23.7
108	Arusha	2017	32.8	96.7	9.3	47.9	24.4
109	Arusha	2017	41.7	98.7	10.3	43.4	22.8
110	Arusha	2017	28.3	106.0	9.2	54.5	26.5
111	Arusha	2017	30.7	96.5	8.3	53.0	22.9
112	Arusha	2017	34.2	74.7	8.3	54.1	24.8
113	Arusha	2017	39.7	96.6	7.9	51.0	24.6
114	Arusha	2017	25.1	97.6	8.2	50.9	25.0
115	Arusha	2017	34.4	97.7	9.4	46.0	22.3
116	Arusha	2017	35.4	97.3	9.1	44.5	21.4
117	Arusha	2017	29.9	95.2	7.5	58.8	26.5
118	Arusha	2017	33.8	94.3	8.0	53.5	24.9
119	Arusha	2017	35.4	95.4	9.0	45.9	23.4
120	Arusha	2017	26.9	96.9	8.6	51.5	24.7
121	Arusha	2017	29.8	92.7	8.5	54.5	26.0
122	Arusha	2017	28.2	102.1	8.2	53.4	25.4
123	Arusha	2017	28.9	88.9	7.7	55.1	24.8
124	Arusha	2017	30.7	95.9	7.9	55.0	23.5
125	Arusha	2017	31.7	104.4	8.8	49.6	24.9
126	Arusha	2017	34.4	97.2	8.0	51.3	23.2
128	Arusha	2017	27.9	101.9	10.4	42.0	30.8
129	Arusha	2017	32.3	98.1	8.4	48.8	23.6
130	Arusha	2017	22.7	99.3	7.3	64.4	25.9
131	Arusha	2017	22.9	96.8	7.6	59.2	25.6
132	Arusha	2017	26.7	96.7	9.1	54.7	23.3
133	Arusha	2017	22.1	102.5	7.8	61.8	25.9
134	Arusha	2017	25.3	105.3	8.0	58.9	24.2
135	Arusha	2017	32.8	88.8	8.7	56.1	24.4
136	Arusha	2017	36.8	99.4	8.5	44.4	23.6
137	Arusha	2017	42.6	99.4	10.1	42.0	22.5
138	Arusha	2017	31.7	99.3	9.1	49.5	23.1
139	Arusha	2017	34.3	85.0	8.8	56.7	21.3
140	Arusha	2017	29.8	104.6	8.0	50.8	22.8
143	Arusha	2017	33.4	92.9	8.6	48.7	23.4
144	Arusha	2017	45.4	NA	8.6	54.9	25.0
157	Arusha	2017	32.3	95.4	9.1	45.6	26.1
158	Arusha	2017	27.3	95.1	8.7	57.5	24.3
159	Arusha	2017	29.8	100.6	8.0	50.3	23.3
160	Arusha	2017	31.8	96.2	8.4	51.8	22.2
161	Arusha	2017	26.6	107.6	7.8	63.7	25.2
162	Arusha	2017	31.5	107.9	8.9	47.0	25.8
163	Arusha	2017	36.2	NA	9.2	51.5	21.8
2	Morogoro	2017	35.4	94.8	10.8	39.0	23.3
3	Morogoro	2017	58.5	93.8	12.5	32.4	19.2
4	Morogoro	2017	40.5	94.3	10.3	36.0	22.3
5	Morogoro	2017	40.3	91.9	10.2	38.9	26.5
6	Morogoro	2017	43.6	101.9	11.7	36.6	22.7
7	Morogoro	2017	47.1	100.2	10.6	36.9	20.7
8	Morogoro	2017	49.8	95.2	11.3	37.8	22.1
9	Morogoro	2017	42.7	87.6	9.6	40.3	24.3
10	Morogoro	2017	42.5	94.8	11.5	41.3	23.0
11	Morogoro	2017	43.0	99.7	11.5	36.3	25.2
12	Morogoro	2017	36.6	90.6	12.0	37.3	23.3
13	Morogoro	2017	43.9	94.3	12.1	36.9	24.0
14	Morogoro	2017	51.0	89.6	14.0	36.4	23.6
15	Morogoro	2017	43.4	94.2	12.0	43.2	22.9
16	Morogoro	2017	39.1	95.7	10.7	39.3	23.7
17	Morogoro	2017	31.7	97.3	11.1	40.8	22.1
18	Morogoro	2017	41.7	NA	9.4	48.2	23.9
19	Morogoro	2017	45.3	92.6	11.3	34.4	22.3
20	Morogoro	2017	42.3	92.5	11.6	34.2	22.1
21	Morogoro	2017	44.9	85.6	12.3	36.3	20.1
22	Morogoro	2017	51.0	91.8	12.2	39.5	23.7
23	Morogoro	2017	40.0	101.8	13.5	40.1	24.3
24	Morogoro	2017	NA	95.6	13.2	31.7	20.6
25	Morogoro	2017	42.1	95.1	14.0	36.6	24.8
26	Morogoro	2017	37.1	91.2	10.5	41.8	21.8
27	Morogoro	2017	48.1	100.3	11.5	39.8	24.3
28	Morogoro	2017	NA	96.7	13.4	29.6	21.3
29	Morogoro	2017	NA	97.2	14.3	28.1	20.3
30	Morogoro	2017	62.0	97.9	13.6	32.3	22.5
31	Morogoro	2017	NA	86.2	13.0	37.3	17.8
32	Morogoro	2017	59.1	98.6	12.6	31.9	20.7
33	Morogoro	2017	40.9	95.4	9.6	45.3	25.6
34	Morogoro	2017	39.8	90.6	10.5	38.7	24.1
35	Morogoro	2017	54.1	90.3	10.2	37.9	22.2
36	Morogoro	2017	64.2	94.1	12.2	34.0	22.1
37	Morogoro	2017	39.3	92.9	10.1	42.7	23.3
38	Morogoro	2017	60.8	92.8	12.4	31.4	21.4
39	Morogoro	2017	66.1	94.2	10.7	34.8	21.1
40	Morogoro	2017	52.7	94.8	13.1	37.6	23.8
41	Morogoro	2017	57.2	92.7	11.7	34.5	21.5
42	Morogoro	2017	52.5	96.2	10.6	33.0	22.1
43	Morogoro	2017	59.6	93.6	12.3	33.9	19.6
44	Morogoro	2017	66.2	98.4	11.7	29.7	20.8
45	Morogoro	2017	66.0	NA	13.1	33.2	23.1
46	Morogoro	2017	51.5	97.9	12.3	29.7	21.7
47	Morogoro	2017	NA	96.3	12.2	32.5	20.7
48	Morogoro	2017	53.5	98.4	10.1	38.4	21.1
49	Morogoro	2017	53.8	NA	10.9	40.6	19.4
50	Morogoro	2017	NA	91.9	11.9	33.1	19.5
51	Morogoro	2017	55.5	97.9	10.1	41.4	21.0
52	Morogoro	2017	58.5	93.4	10.9	34.9	20.0
53	Morogoro	2017	59.1	99.9	10.7	39.7	22.1
54	Morogoro	2017	50.6	96.9	9.9	37.2	23.4
55	Morogoro	2017	43.5	91.4	9.9	39.5	22.3
56	Morogoro	2017	33.8	98.9	9.2	43.7	23.1
57	Morogoro	2017	34.5	98.4	8.4	47.4	24.8
58	Morogoro	2017	59.2	93.5	11.8	34.5	21.8
59	Morogoro	2017	42.1	99.3	10.2	40.3	23.6
61	Morogoro	2017	52.7	92.6	10.3	33.8	21.3
62	Morogoro	2017	56.1	85.7	11.4	35.6	21.8
63	Morogoro	2017	48.5	90.1	10.9	35.8	21.1
64	Morogoro	2017	42.3	99.7	9.4	42.8	24.5
65	Morogoro	2017	48.5	97.2	9.1	43.6	24.3
66	Morogoro	2017	38.4	99.8	9.3	38.2	24.6
67	Morogoro	2017	55.2	95.4	12.5	33.3	21.3
68	Morogoro	2017	45.8	97.8	10.2	40.2	22.1
69	Morogoro	2017	34.2	94.4	9.7	41.0	23.7
70	Morogoro	2017	45.9	95.8	10.1	36.4	21.0
71	Morogoro	2017	50.9	96.4	13.6	33.7	22.7
72	Morogoro	2017	38.2	95.9	10.2	40.9	24.4
73	Morogoro	2017	53.6	91.1	11.4	30.6	21.1
74	Morogoro	2017	37.2	94.8	10.5	37.5	21.6
75	Morogoro	2017	60.4	93.9	11.5	35.4	22.1
76	Morogoro	2017	64.5	95.2	11.3	33.9	21.5
77	Morogoro	2017	37.3	95.9	10.2	40.2	25.9
78	Morogoro	2017	50.2	97.3	11.6	34.3	22.5
79	Morogoro	2017	44.3	92.2	10.3	42.4	24.0
80	Morogoro	2017	54.7	105.2	12.0	34.7	24.7
81	Morogoro	2017	61.1	91.8	13.2	32.3	23.8
82	Morogoro	2017	43.9	96.2	10.6	32.1	20.0
83	Morogoro	2017	48.1	98.6	9.5	44.2	21.4
84	Morogoro	2017	39.9	92.2	9.6	41.5	21.5
85	Morogoro	2017	46.2	99.7	11.7	32.0	22.4
86	Morogoro	2017	44.1	91.8	11.3	40.7	23.0
87	Morogoro	2017	58.5	91.1	12.4	33.3	20.6
88	Morogoro	2017	43.9	94.5	11.9	40.6	23.7
89	Morogoro	2017	43.1	101.3	11.5	35.4	26.6
90	Morogoro	2017	54.1	89.7	12.4	34.0	20.6
91	Morogoro	2017	42.0	95.2	12.0	32.4	21.2
92	Morogoro	2017	58.5	91.0	12.1	30.6	20.4
93	Morogoro	2017	38.2	93.6	9.8	43.9	24.7
94	Morogoro	2017	43.3	91.8	10.8	40.1	22.7
95	Morogoro	2017	41.2	95.3	9.7	42.0	24.2
96	Morogoro	2017	47.8	92.7	10.1	39.2	19.4
97	Morogoro	2017	53.4	101.2	13.6	31.3	23.6
98	Morogoro	2017	54.8	94.0	11.1	33.7	24.2
99	Morogoro	2017	41.0	86.7	10.7	41.6	23.9
100	Morogoro	2017	48.0	89.2	10.7	34.8	21.9
101	Morogoro	2017	36.4	95.4	9.8	44.6	24.7
102	Morogoro	2017	49.0	87.5	10.4	40.3	23.5
103	Morogoro	2017	39.7	94.2	11.9	39.1	22.8
104	Morogoro	2017	48.9	90.2	11.5	35.6	21.7
105	Morogoro	2017	51.0	100.3	10.0	37.3	25.2
106	Morogoro	2017	44.4	95.5	12.2	37.0	23.4
107	Morogoro	2017	42.2	90.2	11.1	38.2	23.8
108	Morogoro	2017	42.0	91.5	10.6	37.9	22.9
109	Morogoro	2017	62.7	98.8	13.9	32.5	21.1
110	Morogoro	2017	47.7	97.2	10.6	37.7	24.8
111	Morogoro	2017	42.4	NA	11.3	39.7	21.3
112	Morogoro	2017	44.2	93.2	10.3	35.5	22.4
113	Morogoro	2017	53.5	99.7	10.5	34.6	22.1
114	Morogoro	2017	44.9	85.8	10.7	32.7	23.6
115	Morogoro	2017	58.9	96.8	13.0	32.2	20.3
116	Morogoro	2017	64.5	92.5	11.4	34.9	20.5
117	Morogoro	2017	36.0	94.7	8.6	45.4	24.8
118	Morogoro	2017	38.8	93.2	9.9	42.3	23.4
119	Morogoro	2017	40.1	93.9	10.7	32.4	23.5
120	Morogoro	2017	44.0	101.7	12.7	28.7	24.4
121	Morogoro	2017	50.9	104.5	11.4	33.0	23.7
122	Morogoro	2017	43.2	NA	12.2	28.7	23.0
123	Morogoro	2017	39.1	100.0	9.3	38.4	24.2
124	Morogoro	2017	50.5	98.5	9.7	35.5	23.3
125	Morogoro	2017	56.1	88.5	10.6	39.6	23.8
126	Morogoro	2017	45.6	103.6	10.8	36.9	22.6
128	Morogoro	2017	39.3	99.9	10.0	35.7	28.3
129	Morogoro	2017	51.2	98.4	9.9	36.1	23.6
130	Morogoro	2017	32.4	101.0	8.7	44.5	23.4
131	Morogoro	2017	33.9	100.8	8.9	45.6	23.9
132	Morogoro	2017	38.3	101.3	10.9	36.5	21.9
133	Morogoro	2017	36.5	102.3	8.4	45.1	24.5
134	Morogoro	2017	36.5	103.0	9.8	42.9	22.8
135	Morogoro	2017	40.5	96.1	10.8	41.5	20.8
136	Morogoro	2017	50.6	94.9	10.1	33.6	23.2
137	Morogoro	2017	60.2	92.9	10.9	37.1	21.2
138	Morogoro	2017	44.5	96.4	10.7	37.1	22.5
139	Morogoro	2017	46.8	92.2	10.7	41.9	19.5
140	Morogoro	2017	43.5	96.0	8.9	39.5	21.8
143	Morogoro	2017	40.9	95.9	10.1	34.1	22.0
144	Morogoro	2017	45.5	102.2	10.7	40.4	22.3
157	Morogoro	2017	48.2	100.5	10.0	33.8	23.2
158	Morogoro	2017	53.6	NA	9.7	38.6	23.0
159	Morogoro	2017	55.6	104.7	10.2	32.7	20.9
160	Morogoro	2017	42.1	101.1	10.1	36.6	22.0
161	Morogoro	2017	47.3	NA	9.5	42.7	22.6
162	Morogoro	2017	57.3	NA	9.4	33.4	25.8
163	Morogoro	2017	45.6	101.7	8.9	39.5	21.3