Line	CT_Ar16	CT_Mo16	CT_Ar17	CT_Mo17	WU_Ar16	WU_Mo16	WU_Ar17	WU_Mo17	SCP_Ar16	SCP_Mo16	SCP_Ar17	SCP_Mo17	SW_Ar16	SW_Mo16	SW_Ar17	SW_Mo17	Pro_Ar16	Pro_Mo16	Pro_Ar17	Pro_Mo17
2	34.3	62.9	29.3	35.4	108.8	113.9	104.0	94.8	8.8	9.2	8.6	10.8	40.9	39.3	48.6	39.0	23.8	25.1	22.9	23.3
3	64.3	71.9	35.0	58.5	94.4	97.7	102.5	93.8	10.7	10.3	9.6	12.5	35.3	37.5	44.7	32.4	22.3	22.9	21.7	19.2
4	46.2	NA	28.6	40.5	NA	NA	95.4	94.3	9.1	NA	8.3	10.3	40.2	NA	51.4	36.0	24.4	NA	23.7	22.3
5	39.5	70.6	30.9	40.3	109.7	117.8	109.0	91.9	8.6	9.7	8.6	10.2	42.4	37.1	53.6	38.9	21.1	26.8	26.2	26.5
6	42.6	NA	34.7	43.6	104.2	NA	79.3	101.9	NA	NA	8.9	11.7	43.4	NA	55.3	36.6	NA	NA	23.4	22.7
7	37.4	NA	34.4	47.1	106.0	NA	93.3	100.2	NA	NA	8.8	10.6	36.1	NA	50.3	36.9	22.8	NA	22.8	20.7
8	NA	NA	30.3	49.8	108.9	NA	103.1	95.2	NA	NA	8.4	11.3	36.8	NA	54.5	37.8	23.4	NA	23.4	22.1
9	48.5	59.3	29.3	42.7	119.1	111.1	103.3	87.6	NA	8.9	8.6	9.6	37.1	38.8	47.8	40.3	21.9	24.2	24.0	24.3
10	36.9	66.4	29.9	42.5	105.6	103.8	101.5	94.8	10.1	NA	8.9	11.5	40.3	39.8	49.1	41.3	21.6	25.6	24.3	23.0
11	47.9	67.6	40.9	43.0	95.4	98.4	80.1	99.7	NA	9.8	8.5	11.5	37.3	41.5	47.6	36.3	24.2	25.8	25.9	25.2
12	41.3	44.6	29.0	36.6	102.2	91.8	106.5	90.6	NA	NA	8.5	12.0	39.3	47.9	49.9	37.3	21.4	24.4	25.0	23.3
13	38.1	NA	31.1	43.9	99.7	NA	105.9	94.3	NA	NA	8.6	12.1	28.2	NA	53.7	36.9	22.4	NA	26.1	24.0
14	42.0	NA	36.3	51.0	101.8	NA	100.0	89.6	NA	NA	8.9	14.0	37.2	NA	48.7	36.4	22.2	NA	22.8	23.6
15	35.0	73.3	26.2	43.4	101.1	114.4	110.0	94.2	NA	NA	8.0	12.0	44.5	40.6	59.6	43.2	22.4	26.5	26.2	22.9
16	NA	42.7	29.4	39.1	NA	110.2	93.9	95.7	NA	9.0	8.3	10.7	NA	48.2	53.7	39.3	NA	25.3	26.2	23.7
17	36.0	NA	23.9	31.7	76.9	NA	103.1	97.3	NA	NA	7.2	11.1	50.1	NA	60.7	40.8	23.8	NA	25.5	22.1
18	34.7	NA	28.7	41.7	105.1	NA	103.3	NA	8.2	NA	7.5	9.4	42.5	NA	60.0	48.2	22.9	NA	23.7	23.9
19	41.4	NA	28.8	45.3	101.8	NA	104.1	92.6	9.2	NA	9.6	11.3	39.3	NA	46.1	34.4	24.4	NA	28.8	22.3
20	45.4	NA	30.1	42.3	107.8	NA	97.6	92.5	NA	NA	7.9	11.6	38.2	NA	49.8	34.2	22.3	NA	23.8	22.1
21	45.0	NA	30.1	44.9	107.0	96.5	103.9	85.6	NA	10.8	8.9	12.3	35.3	37.3	51.6	36.3	21.4	23.3	24.2	20.1
22	45.0	69.1	27.5	51.0	104.7	88.9	105.9	91.8	8.3	9.8	7.7	12.2	42.5	39.8	53.6	39.5	24.6	24.8	24.8	23.7
23	55.9	NA	27.7	40.0	78.3	NA	99.0	101.8	8.5	NA	7.8	13.5	47.4	NA	59.3	40.1	24.1	NA	27.3	24.3
24	42.2	NA	36.6	NA	106.8	NA	103.5	95.6	NA	NA	9.2	13.2	36.3	NA	44.1	31.7	21.2	NA	22.6	20.6
25	33.0	NA	24.5	42.1	108.6	NA	102.3	95.1	NA	NA	8.4	14.0	34.1	NA	51.7	36.6	21.7	NA	26.8	24.8
26	NA	NA	31.3	37.1	NA	NA	106.4	91.2	NA	NA	8.6	10.5	NA	NA	52.5	41.8	NA	NA	24.5	21.8
27	44.4	50.1	34.1	48.1	112.1	109.4	109.7	100.3	10.3	NA	8.8	11.5	42.1	44.6	47.3	39.8	23.0	25.2	25.3	24.3
28	58.7	NA	39.1	NA	110.9	98.6	102.8	96.7	NA	NA	9.2	13.4	35.6	32.9	44.2	29.6	20.5	23.4	22.3	21.3
29	51.0	NA	38.9	NA	99.4	NA	101.9	97.2	NA	NA	9.4	14.3	37.2	NA	44.1	28.1	21.1	NA	21.3	20.3
30	NA	NA	29.8	62.0	NA	NA	98.5	97.9	NA	NA	8.6	13.6	NA	NA	52.0	32.3	NA	NA	23.2	22.5
31	54.5	57.2	37.4	NA	103.4	87.5	76.6	86.2	8.4	NA	8.3	13.0	38.6	45.9	50.4	37.3	21.0	22.1	23.0	17.8
32	45.5	NA	39.6	59.1	102.0	101.6	99.1	98.6	10.5	NA	9.4	12.6	34.7	32.8	45.8	31.9	22.9	21.1	23.1	20.7
33	51.1	49.1	32.3	40.9	105.7	104.0	100.4	95.4	NA	10.1	8.2	9.6	43.1	44.5	52.3	45.3	22.6	25.6	24.8	25.6
34	36.0	36.7	28.7	39.8	105.3	112.2	104.5	90.6	NA	9.1	8.3	10.5	39.0	40.3	50.1	38.7	22.5	25.3	24.7	24.1
35	30.1	43.1	23.5	54.1	101.2	97.7	99.5	90.3	10.1	9.5	9.1	10.2	34.9	44.3	50.9	37.9	21.4	22.5	23.8	22.2
36	45.9	59.1	39.8	64.2	99.5	104.1	96.9	94.1	NA	10.5	9.2	12.2	35.1	35.9	46.6	34.0	23.2	21.4	22.2	22.1
37	33.4	44.9	26.1	39.3	91.0	102.6	99.0	92.9	9.1	9.5	7.9	10.1	44.5	47.5	56.6	42.7	22.8	27.0	25.8	23.3
38	36.2	NA	34.7	60.8	104.3	NA	102.3	92.8	9.8	NA	9.6	12.4	42.4	NA	51.2	31.4	25.3	NA	26.9	21.4
39	42.8	75.9	36.4	66.1	109.0	107.8	100.4	94.2	11.4	11.4	9.2	10.7	35.3	39.4	45.3	34.8	23.5	25.0	23.6	21.1
40	43.0	NA	32.8	52.7	107.7	NA	95.1	94.8	9.4	NA	7.8	13.1	47.7	NA	53.9	37.6	21.9	NA	24.2	23.8
41	42.5	NA	37.4	57.2	83.5	104.8	102.3	92.7	NA	10.1	9.6	11.7	40.7	34.2	44.1	34.5	22.2	24.1	22.1	21.5
42	56.5	54.1	31.1	52.5	87.0	108.1	104.0	96.2	9.5	NA	8.2	10.6	41.1	40.1	47.2	33.0	20.9	24.3	23.6	22.1
43	55.8	NA	32.9	59.6	109.8	104.2	101.9	93.6	NA	9.9	9.1	12.3	35.7	35.3	46.3	33.9	21.3	23.3	22.7	19.6
44	43.1	59.9	39.1	66.2	106.7	106.6	104.5	98.4	NA	10.3	9.7	11.7	34.8	31.5	38.8	29.7	23.6	22.9	22.4	20.8
45	50.1	86.9	36.8	66.0	90.2	106.7	99.6	NA	10.5	10.1	9.4	13.1	39.8	36.5	48.3	33.2	21.8	23.4	22.7	23.1
46	40.3	55.1	36.2	51.5	107.9	107.4	104.1	97.9	9.2	NA	9.0	12.3	36.3	41.9	44.0	29.7	22.2	26.1	25.6	21.7
47	44.7	NA	37.5	NA	106.5	NA	99.7	96.3	9.4	NA	9.4	12.2	37.6	NA	45.0	32.5	20.7	NA	22.5	20.7
48	39.0	66.1	32.1	53.5	124.4	108.9	101.2	98.4	8.3	8.3	7.9	10.1	39.4	44.0	54.3	38.4	22.9	23.3	23.5	21.1
49	44.3	NA	34.3	53.8	104.6	NA	101.3	NA	NA	NA	8.5	10.9	35.5	NA	49.7	40.6	23.9	NA	23.5	19.4
50	56.4	NA	37.2	NA	102.5	NA	98.6	91.9	10.2	NA	9.2	11.9	37.5	NA	46.4	33.1	20.8	NA	22.9	19.5
51	47.8	70.7	42.4	55.5	83.6	88.8	NA	97.9	9.2	9.3	8.6	10.1	39.6	43.0	54.8	41.4	NA	24.1	24.2	21.0
52	49.3	50.4	40.8	58.5	102.6	120.5	99.6	93.4	NA	NA	9.6	10.9	37.2	42.8	45.7	34.9	NA	21.4	22.4	20.0
53	52.2	75.4	41.0	59.1	115.5	112.4	105.6	99.9	8.7	NA	8.4	10.7	37.2	38.1	46.4	39.7	21.8	24.6	23.1	22.1
54	47.8	NA	35.9	50.6	104.7	NA	98.8	96.9	9.2	NA	8.1	9.9	47.8	NA	52.7	37.2	22.6	NA	23.6	23.4
55	59.0	NA	37.3	43.5	85.8	NA	79.9	91.4	NA	NA	8.2	9.9	43.3	NA	54.7	39.5	22.9	NA	27.4	22.3
56	36.1	36.1	25.5	33.8	105.5	110.0	96.0	98.9	8.6	NA	7.8	9.2	43.2	46.3	56.0	43.7	NA	24.4	24.6	23.1
57	33.4	41.7	24.3	34.5	91.6	97.0	99.9	98.4	8.3	7.9	7.7	8.4	47.7	47.4	59.7	47.4	20.9	26.6	25.4	24.8
58	50.2	NA	39.1	59.2	102.3	NA	100.0	93.5	10.9	NA	9.4	11.8	35.1	NA	44.3	34.5	22.2	NA	21.7	21.8
59	51.5	NA	34.7	42.1	NA	NA	NA	99.3	9.9	NA	9.0	10.2	38.3	NA	52.8	40.3	20.6	NA	24.7	23.6
61	41.1	70.6	35.4	52.7	103.1	107.5	NA	92.6	8.8	8.8	8.8	10.3	37.6	34.7	49.4	33.8	22.6	23.5	22.2	21.3
62	43.3	51.9	35.0	56.1	105.7	101.3	94.5	85.7	8.4	8.7	8.2	11.4	38.5	42.5	51.4	35.6	22.6	21.8	22.1	21.8
63	50.3	72.4	26.6	48.5	103.4	103.8	97.2	90.1	NA	9.3	9.0	10.9	36.1	37.1	49.7	35.8	22.7	25.4	22.9	21.1
64	NA	NA	31.3	42.3	NA	NA	107.0	99.7	NA	NA	7.7	9.4	NA	NA	52.0	42.8	NA	NA	25.2	24.5
65	38.4	52.5	28.4	48.5	119.6	109.2	106.4	97.2	8.3	NA	7.6	9.1	43.0	43.9	55.4	43.6	23.1	23.7	26.3	24.3
66	34.9	NA	28.9	38.4	103.8	NA	102.1	99.8	NA	NA	7.7	9.3	45.8	NA	52.1	38.2	24.6	NA	25.8	24.6
67	43.2	97.7	38.0	55.2	105.9	104.4	101.4	95.4	9.9	10.6	9.3	12.5	36.8	35.0	42.8	33.3	21.3	22.7	22.1	21.3
68	59.6	81.1	31.3	45.8	82.6	89.7	82.1	97.8	9.2	8.7	7.9	10.2	42.3	40.3	57.3	40.2	22.6	21.3	22.8	22.1
69	39.5	NA	31.6	34.2	86.0	NA	83.6	94.4	NA	NA	7.6	9.7	46.7	NA	60.1	41.0	23.5	NA	25.4	23.7
70	NA	52.6	33.9	45.9	NA	107.6	97.6	95.8	NA	NA	8.4	10.1	NA	43.9	54.8	36.4	NA	23.9	23.7	21.0
71	44.4	NA	38.6	50.9	101.7	NA	99.0	96.4	10.5	NA	9.5	13.6	36.3	NA	43.1	33.7	21.8	NA	21.4	22.7
72	37.9	NA	30.7	38.2	102.4	NA	98.5	95.9	NA	NA	8.2	10.2	41.6	NA	54.6	40.9	23.6	NA	24.0	24.4
73	50.6	52.0	34.9	53.6	98.5	85.2	93.2	91.1	9.9	9.9	8.7	11.4	38.2	37.2	47.5	30.6	21.8	25.0	22.9	21.1
74	54.3	63.6	32.2	37.2	NA	103.7	79.3	94.8	9.6	8.9	8.4	10.5	35.9	32.6	52.4	37.5	22.0	23.1	22.5	21.6
75	51.4	NA	44.3	60.4	83.4	NA	99.6	93.9	NA	NA	9.8	11.5	37.3	NA	44.8	35.4	20.1	NA	22.1	22.1
76	46.0	64.5	41.9	64.5	86.5	101.2	99.3	95.2	10.2	10.2	9.2	11.3	41.6	39.8	46.9	33.9	21.8	NA	22.6	21.5
77	35.2	50.2	26.2	37.3	103.3	102.0	106.2	95.9	NA	9.2	8.4	10.2	45.4	41.3	55.8	40.2	24.3	24.4	27.1	25.9
78	38.7	76.3	39.9	50.2	100.6	98.9	101.8	97.3	9.1	NA	8.8	11.6	41.0	33.8	47.7	34.3	23.8	25.9	25.1	22.5
79	NA	NA	33.9	44.3	106.6	NA	100.1	92.2	NA	NA	8.7	10.3	44.1	NA	57.1	42.4	21.9	NA	24.0	24.0
80	NA	51.7	37.2	54.7	NA	108.1	108.4	105.2	NA	10.1	8.8	12.0	NA	46.2	48.1	34.7	NA	24.9	23.8	24.7
81	35.2	54.8	33.8	61.1	103.1	119.9	102.2	91.8	9.5	9.1	8.8	13.2	38.7	36.6	45.7	32.3	21.6	26.2	23.6	23.8
82	39.8	58.6	32.7	43.9	99.0	90.1	101.4	96.2	NA	NA	8.2	10.6	38.2	38.4	48.8	32.1	22.6	23.2	22.5	20.0
83	62.1	NA	36.2	48.1	NA	NA	81.3	98.6	9.1	NA	8.9	9.5	48.1	NA	65.5	44.2	26.1	NA	25.8	21.4
84	49.3	41.5	42.4	39.9	80.8	91.0	NA	92.2	NA	NA	8.3	9.6	42.5	48.5	54.5	41.5	23.9	23.8	24.8	21.5
85	61.0	53.2	28.5	46.2	87.0	83.6	97.9	99.7	NA	8.9	7.7	11.7	41.4	38.0	56.8	32.0	24.3	23.8	22.3	22.4
86	50.3	43.8	34.2	44.1	99.3	98.8	97.8	91.8	NA	NA	8.5	11.3	42.1	43.8	56.4	40.7	24.4	25.4	24.8	23.0
87	49.0	NA	37.1	58.5	104.6	NA	99.1	91.1	NA	NA	9.4	12.4	36.4	NA	46.7	33.3	22.2	NA	22.2	20.6
88	39.0	NA	30.7	43.9	110.1	NA	104.0	94.5	NA	NA	8.8	11.9	39.6	NA	52.2	40.6	22.8	NA	25.0	23.7
89	28.3	38.3	26.9	43.1	111.9	111.0	103.9	101.3	NA	NA	8.9	11.5	44.4	43.0	57.9	35.4	23.7	26.2	25.4	26.6
90	49.4	NA	40.0	54.1	105.1	95.2	101.7	89.7	9.9	10.2	9.6	12.4	35.7	37.1	44.3	34.0	23.1	22.0	21.4	20.6
91	NA	NA	32.9	42.0	NA	NA	100.8	95.2	NA	NA	8.5	12.0	NA	NA	53.3	32.4	NA	NA	24.8	21.2
92	48.4	47.4	39.0	58.5	100.7	108.3	95.0	91.0	9.3	NA	8.6	12.1	33.5	37.0	46.8	30.6	20.6	27.0	21.8	20.4
93	39.3	NA	26.2	38.2	87.3	NA	104.2	93.6	NA	NA	7.5	9.8	47.2	NA	61.5	43.9	20.5	NA	26.3	24.7
94	34.3	NA	29.0	43.3	107.8	NA	99.0	91.8	NA	NA	8.2	10.8	44.7	NA	55.7	40.1	22.9	NA	25.1	22.7
95	NA	50.3	27.1	41.2	NA	87.3	98.5	95.3	NA	9.5	8.4	9.7	NA	47.3	52.9	42.0	NA	24.7	24.7	24.2
96	34.9	74.1	34.2	47.8	109.1	NA	100.6	92.7	NA	NA	8.7	10.1	39.5	33.6	50.7	39.2	20.8	23.6	24.1	19.4
97	43.5	61.6	29.3	53.4	121.4	106.7	98.0	101.2	9.7	NA	8.9	13.6	35.8	38.5	54.0	31.3	24.1	26.1	25.0	23.6
98	54.5	87.0	40.7	54.8	100.7	96.7	95.0	94.0	NA	NA	9.1	11.1	35.6	38.8	46.4	33.7	23.5	25.7	22.3	24.2
99	NA	73.5	NA	41.0	NA	NA	NA	86.7	8.9	NA	8.8	10.7	39.3	39.0	55.0	41.6	22.0	24.2	23.5	23.9
100	43.9	NA	34.8	48.0	93.3	NA	91.6	89.2	NA	NA	10.0	10.7	36.1	NA	42.5	34.8	24.8	NA	29.7	21.9
101	33.8	NA	28.5	36.4	88.6	NA	98.9	95.4	NA	NA	9.0	9.8	44.0	NA	54.4	44.6	23.2	NA	25.6	24.7
102	52.5	NA	31.8	49.0	103.7	NA	95.4	87.5	8.9	NA	8.2	10.4	41.7	NA	59.3	40.3	NA	NA	24.3	23.5
103	43.5	55.6	NA	39.7	94.6	NA	NA	94.2	10.0	8.9	9.4	11.9	39.9	45.9	53.1	39.1	23.0	25.5	24.7	22.8
104	46.2	83.6	39.2	48.9	102.6	101.8	95.2	90.2	NA	10.0	9.3	11.5	37.9	38.4	45.5	35.6	21.8	25.6	22.0	21.7
105	31.8	37.0	24.3	51.0	95.1	108.0	95.3	100.3	8.6	8.3	8.6	10.0	49.2	47.8	60.4	37.3	23.3	24.6	26.6	25.2
106	44.6	77.7	31.0	44.4	82.3	94.2	87.9	95.5	9.3	10.3	10.0	12.2	49.6	45.1	54.3	37.0	21.6	23.0	24.7	23.4
107	37.4	72.9	28.4	42.2	94.3	107.5	97.3	90.2	9.2	9.0	8.8	11.1	46.6	43.2	55.4	38.2	22.1	24.7	23.7	23.8
108	43.2	NA	32.8	42.0	104.5	NA	96.7	91.5	9.8	NA	9.3	10.6	38.4	NA	47.9	37.9	22.5	NA	24.4	22.9
109	50.9	NA	41.7	62.7	104.9	NA	98.7	98.8	10.3	NA	10.3	13.9	36.6	NA	43.4	32.5	21.0	NA	22.8	21.1
110	33.4	55.8	28.3	47.7	107.6	116.2	106.0	97.2	NA	10.0	9.2	10.6	44.2	36.9	54.5	37.7	24.3	26.8	26.5	24.8
111	54.8	54.7	30.7	42.4	94.9	91.9	96.5	NA	NA	8.4	8.3	11.3	44.8	42.1	53.0	39.7	20.1	23.5	22.9	21.3
112	46.3	47.7	34.2	44.2	106.2	98.9	74.7	93.2	NA	NA	8.3	10.3	43.0	46.4	54.1	35.5	24.0	27.4	24.8	22.4
113	44.9	44.0	39.7	53.5	108.7	113.0	96.6	99.7	8.7	9.7	7.9	10.5	41.1	36.6	51.0	34.6	24.4	26.2	24.6	22.1
114	36.8	43.5	25.1	44.9	106.4	95.3	97.6	85.8	NA	8.7	8.2	10.7	39.9	39.9	50.9	32.7	NA	22.3	25.0	23.6
115	44.8	64.3	34.4	58.9	102.1	101.1	97.7	96.8	10.7	9.7	9.4	13.0	36.6	37.7	46.0	32.2	21.6	25.5	22.3	20.3
116	42.4	91.7	35.4	64.5	98.6	106.2	97.3	92.5	9.8	9.6	9.1	11.4	38.1	34.8	44.5	34.9	21.2	25.1	21.4	20.5
117	39.7	43.7	29.9	36.0	87.6	91.7	95.2	94.7	8.8	8.2	7.5	8.6	45.0	44.3	58.8	45.4	NA	25.3	26.5	24.8
118	33.1	46.0	33.8	38.8	88.7	101.1	94.3	93.2	9.0	8.2	8.0	9.9	42.9	46.2	53.5	42.3	NA	23.9	24.9	23.4
119	32.8	47.7	35.4	40.1	104.8	117.5	95.4	93.9	11.2	NA	9.0	10.7	35.1	37.7	45.9	32.4	23.8	23.8	23.4	23.5
120	35.6	60.4	26.9	44.0	108.9	97.1	96.9	101.7	9.1	9.0	8.6	12.7	38.6	39.7	51.5	28.7	23.7	24.0	24.7	24.4
121	45.9	NA	29.8	50.9	83.8	NA	92.7	104.5	10.1	NA	8.5	11.4	42.8	NA	54.5	33.0	23.3	NA	26.0	23.7
122	37.8	33.1	28.2	43.2	99.2	96.5	102.1	NA	NA	8.4	8.2	12.2	40.4	38.0	53.4	28.7	23.3	23.3	25.4	23.0
123	29.5	NA	28.9	39.1	87.8	NA	88.9	100.0	9.2	NA	7.7	9.3	46.4	NA	55.1	38.4	21.0	NA	24.8	24.2
124	38.6	NA	30.7	50.5	88.4	NA	95.9	98.5	8.4	NA	7.9	9.7	41.4	NA	55.0	35.5	NA	NA	23.5	23.3
125	37.7	50.7	31.7	56.1	104.8	103.3	104.4	88.5	8.7	9.5	8.8	10.6	41.3	42.0	49.6	39.6	20.9	23.6	24.9	23.8
126	42.5	79.8	34.4	45.6	104.7	107.2	97.2	103.6	8.5	8.8	8.0	10.8	43.4	37.5	51.3	36.9	21.7	23.8	23.2	22.6
128	36.3	51.3	27.9	39.3	108.0	116.2	101.9	99.9	9.7	NA	10.4	10.0	35.3	28.1	42.0	35.7	26.5	30.2	30.8	28.3
129	49.5	65.2	32.3	51.2	105.0	104.0	98.1	98.4	NA	8.9	8.4	9.9	37.5	38.2	48.8	36.1	21.7	24.7	23.6	23.6
130	31.2	46.7	22.7	32.4	98.9	108.0	99.3	101.0	8.4	8.3	7.3	8.7	47.6	43.1	64.4	44.5	24.0	26.6	25.9	23.4
131	35.9	34.9	22.9	33.9	92.3	104.7	96.8	100.8	9.0	NA	7.6	8.9	46.1	46.2	59.2	45.6	23.2	24.1	25.6	23.9
132	43.1	NA	26.7	38.3	103.5	NA	96.7	101.3	8.7	NA	9.1	10.9	42.0	NA	54.7	36.5	21.1	NA	23.3	21.9
133	31.8	NA	22.1	36.5	97.4	NA	102.5	102.3	8.6	NA	7.8	8.4	48.4	NA	61.8	45.1	21.8	NA	25.9	24.5
134	39.3	44.6	25.3	36.5	86.2	101.9	105.3	103.0	8.7	8.4	8.0	9.8	43.2	45.8	58.9	42.9	23.1	24.9	24.2	22.8
135	45.4	45.2	32.8	40.5	109.4	99.8	88.8	96.1	9.4	NA	8.7	10.8	39.3	42.2	56.1	41.5	23.0	27.7	24.4	20.8
136	45.5	NA	36.8	50.6	103.1	NA	99.4	94.9	8.6	NA	8.5	10.1	35.0	NA	44.4	33.6	20.8	NA	23.6	23.2
137	50.5	89.2	42.6	60.2	104.6	108.9	99.4	92.9	NA	NA	10.1	10.9	33.2	36.8	42.0	37.1	22.7	22.9	22.5	21.2
138	30.7	NA	31.7	44.5	100.3	NA	99.3	96.4	NA	NA	9.1	10.7	42.9	NA	49.5	37.1	22.8	NA	23.1	22.5
139	NA	56.9	34.3	46.8	NA	86.5	85.0	92.2	NA	9.2	8.8	10.7	NA	47.4	56.7	41.9	NA	22.1	21.3	19.5
140	37.0	44.5	29.8	43.5	110.2	94.5	104.6	96.0	NA	NA	8.0	8.9	39.5	48.2	50.8	39.5	21.4	23.3	22.8	21.8
143	43.2	NA	33.4	40.9	104.0	NA	92.9	95.9	NA	NA	8.6	10.1	37.2	NA	48.7	34.1	21.1	NA	23.4	22.0
144	NA	NA	45.4	45.5	76.3	NA	NA	102.2	8.5	NA	8.6	10.7	40.7	NA	54.9	40.4	23.3	NA	25.0	22.3
157	45.0	64.6	32.3	48.2	92.7	96.2	95.4	100.5	8.3	8.5	9.1	10.0	41.4	40.1	45.6	33.8	22.8	25.9	26.1	23.2
158	30.6	52.7	27.3	53.6	104.0	82.7	95.1	NA	9.1	NA	8.7	9.7	47.4	42.6	57.5	38.6	22.5	25.9	24.3	23.0
159	55.6	62.9	29.8	55.6	84.9	96.6	100.6	104.7	8.5	9.0	8.0	10.2	44.6	38.2	50.3	32.7	21.9	22.6	23.3	20.9
160	45.0	NA	31.8	42.1	103.6	NA	96.2	101.1	8.4	NA	8.4	10.1	43.1	NA	51.8	36.6	20.5	NA	22.2	22.0
161	36.0	38.1	26.6	47.3	116.8	100.6	107.6	NA	8.5	NA	7.8	9.5	49.1	53.1	63.7	42.7	23.2	23.3	25.2	22.6
162	26.1	NA	31.5	57.3	110.7	NA	107.9	NA	8.5	NA	8.9	9.4	49.7	NA	47.0	33.4	23.1	NA	25.8	25.8
163	NA	63.5	36.2	45.6	NA	NA	NA	101.7	NA	8.4	9.2	8.9	38.4	42.8	51.5	39.5	21.3	23.0	21.8	21.3